100 25 3
150 25 4
200 25 4
250 25 3
0 50 2
50 50 3
100 50 2
150 50 3
200 50 2
250 50 3
300 50 2
350 50 3
0 75 4
50 75 2
100 75 2
150 75 2
200 75 2
250 75 2
300 75 2
350 75 4
0 100 2
50 100 3
100 100 2
150 100 3
200 100 2
250 100 3
300 100 2
350 100 3
50 125 1
150 125 1
250 125 1
350 125 1
0 175 3
50 175 2
100 175 1
250 175 1
300 175 2
350 175 3
50 200 2
150 200 2
250 200 2
350 200 2
0 225 1
100 225 1
200 225 1
300 225 1
0 250 1
50 250 1
100 250 1
150 250 1
200 250 1
250 250 1
300 250 1
350 250 1